
        [variable_params]

        [static_params]
        tc = 1234567890.0
        mass1 = 9.546640102065545
        mass2 = 1.68778143151967
        lambda1 = 0.0
        lambda2 = 193.47891949512686
        spin1z = 0.006829522506015873
        ra = 3.44
        dec = -0.41
        inclination = 1.0461595945369124
        polarization = 0.
        distance = 145.04707818672452
        f_lower = 15.
        approximant = IMRPhenomNSBH
        taper = start
        
