
        [variable_params]

        [static_params]
        tc = 1234567890.0
        mass1 = 9.529745500842825
        mass2 = 1.6068954042010957
        lambda1 = 0.0
        lambda2 = 243.88882017070702
        spin1z = 0.17349423572274558
        ra = 3.44
        dec = -0.41
        inclination = 1.27390613879876
        polarization = 0.
        distance = 89.86704579503304
        f_lower = 15.
        approximant = IMRPhenomNSBH
        taper = start
        
