
        [variable_params]

        [static_params]
        tc = 1234567890.0
        mass1 = 3.671933539132414
        mass2 = 1.424404366315736
        lambda1 = 0.0
        lambda2 = 504.12113404871343
        spin1z = -0.15444078136042105
        ra = 3.44
        dec = -0.41
        inclination = 1.104131814827646
        polarization = 0.
        distance = 103.10419091134938
        f_lower = 15.
        approximant = IMRPhenomNSBH
        taper = start
        
