
        [variable_params]

        [static_params]
        tc = 1234567890.0
        mass1 = 1.8297611888103316
        mass2 = 1.342493251914305
        lambda1 = 104.33901895511806
        lambda2 = 683.633591293349
        spin1z = 0.0011992354344215056
        spin2z = 0.03803902972438947
        ra = 3.44
        dec = -0.41
        inclination = 1.3826458276472693
        polarization = 0.
        distance = 80.21856869341886
        f_lower = 15.
        approximant = IMRPhenomD_NRTidalv2
        taper = start
        
