
        [variable_params]

        [static_params]
        tc = 1234567890.0
        mass1 = 1.6811446542724986
        mass2 = 1.5978453442879998
        lambda1 = 185.20614001955354
        lambda2 = 253.59258199658225
        spin1z = -0.022356379434010067
        spin2z = -0.0406243346143009
        ra = 3.44
        dec = -0.41
        inclination = 2.1833937281697535
        polarization = 0.
        distance = 93.52078926084148
        f_lower = 15.
        approximant = IMRPhenomD_NRTidalv2
        taper = start
        
