
        [variable_params]

        [static_params]
        tc = 1234567890.0
        mass1 = 4.414740446514272
        mass2 = 1.67096920936322
        lambda1 = 0.0
        lambda2 = 204.06978084600087
        spin1z = -0.2413039235164427
        ra = 3.44
        dec = -0.41
        inclination = 0.2114693315013254
        polarization = 0.
        distance = 138.06457423480197
        f_lower = 15.
        approximant = IMRPhenomNSBH
        taper = start
        
