
        [variable_params]

        [static_params]
        tc = 1234567890.0
        mass1 = 9.035360979845285
        mass2 = 1.5053095754204442
        lambda1 = 0.0
        lambda2 = 359.39699720052494
        spin1z = 0.10777432761616534
        ra = 3.44
        dec = -0.41
        inclination = 2.1836814260852133
        polarization = 0.
        distance = 87.12174772843916
        f_lower = 15.
        approximant = IMRPhenomNSBH
        taper = start
        
