
        [variable_params]

        [static_params]
        tc = 1234567890.0
        mass1 = 1.7116857132263257
        mass2 = 1.6636548930428035
        lambda1 = 161.26801641017187
        lambda2 = 193.23964197190608
        spin1z = -0.0018347483899027878
        spin2z = 0.038941726621392544
        ra = 3.44
        dec = -0.41
        inclination = 2.595422832370046
        polarization = 0.
        distance = 76.4083180400251
        f_lower = 15.
        approximant = IMRPhenomD_NRTidalv2
        taper = start
        
