
        [variable_params]

        [static_params]
        tc = 1234567890.0
        mass1 = 5.275667579794763
        mass2 = 1.3129560927486783
        lambda1 = 0.0
        lambda2 = 789.6922279638422
        spin1z = 0.023380482203227193
        ra = 3.44
        dec = -0.41
        inclination = 1.283698279740665
        polarization = 0.
        distance = 98.86800169977391
        f_lower = 15.
        approximant = IMRPhenomNSBH
        taper = start
        
