
        [variable_params]

        [static_params]
        tc = 1234567890.0
        mass1 = 2.0393084191146023
        mass2 = 1.4863608816214149
        lambda1 = 48.35690391084675
        lambda2 = 392.1418052562691
        spin1z = -0.018384005852151997
        spin2z = 0.007927096604537068
        ra = 3.44
        dec = -0.41
        inclination = 1.9512871474786713
        polarization = 0.
        distance = 98.3292439969532
        f_lower = 15.
        approximant = IMRPhenomD_NRTidalv2
        taper = start
        
