
        [variable_params]

        [static_params]
        tc = 1234567890.0
        mass1 = 1.3538793501780624
        mass2 = 1.2803658521330061
        lambda1 = 663.5894975222901
        lambda2 = 901.5906186644594
        spin1z = 0.047903471668637954
        spin2z = 0.002515502147154805
        ra = 3.44
        dec = -0.41
        inclination = 1.587941056556422
        polarization = 0.
        distance = 94.68676492674248
        f_lower = 15.
        approximant = IMRPhenomD_NRTidalv2
        taper = start
        
