
        [variable_params]

        [static_params]
        tc = 1234567890.0
        mass1 = 1.5000884704125497
        mass2 = 1.1956658600491485
        lambda1 = 370.7735707387757
        lambda2 = 1302.9470537407358
        spin1z = -0.015503617482751884
        spin2z = 0.004109499243461642
        ra = 3.44
        dec = -0.41
        inclination = 0.2063745926262872
        polarization = 0.
        distance = 96.23434446922347
        f_lower = 15.
        approximant = IMRPhenomD_NRTidalv2
        taper = start
        
