
        [variable_params]

        [static_params]
        tc = 1234567890.0
        mass1 = 5.024272002357675
        mass2 = 1.5111850598635117
        lambda1 = 0.0
        lambda2 = 354.6825895205702
        spin1z = -0.4759569028551712
        ra = 3.44
        dec = -0.41
        inclination = 0.9006328269655952
        polarization = 0.
        distance = 94.69773358309665
        f_lower = 15.
        approximant = IMRPhenomNSBH
        taper = start
        
