
        [variable_params]

        [static_params]
        tc = 1234567890.0
        mass1 = 6.8859064535632895
        mass2 = 1.4809664843388861
        lambda1 = 0.0
        lambda2 = 379.1965023391518
        spin1z = -0.06189297933699367
        ra = 3.44
        dec = -0.41
        inclination = 1.249234752906218
        polarization = 0.
        distance = 54.651126808701
        f_lower = 15.
        approximant = IMRPhenomNSBH
        taper = start
        
