
        [variable_params]

        [static_params]
        tc = 1234567890.0
        mass1 = 1.7241636192969605
        mass2 = 1.1698881058400494
        lambda1 = 156.22239016948726
        lambda2 = 1445.513537941157
        spin1z = 0.041271455405868435
        spin2z = 0.04438170337903473
        ra = 3.44
        dec = -0.41
        inclination = 2.4672040901591923
        polarization = 0.
        distance = 86.81233279944904
        f_lower = 15.
        approximant = IMRPhenomD_NRTidalv2
        taper = start
        
