
        [variable_params]

        [static_params]
        tc = 1234567890.0
        mass1 = 9.728812977781125
        mass2 = 1.3568352936040884
        lambda1 = 0.0
        lambda2 = 698.7296402638387
        spin1z = 0.09482898394908135
        ra = 3.44
        dec = -0.41
        inclination = 2.5642914981635583
        polarization = 0.
        distance = 149.08847564737482
        f_lower = 15.
        approximant = IMRPhenomNSBH
        taper = start
        
