
        [variable_params]

        [static_params]
        tc = 1234567890.0
        mass1 = 1.4415044016291956
        mass2 = 0.9739746841933209
        lambda1 = 454.11459737286486
        lambda2 = 3628.7620725065176
        spin1z = 0.03714374640310068
        spin2z = 0.02445110040952088
        ra = 3.44
        dec = -0.41
        inclination = 0.24762174163478923
        polarization = 0.
        distance = 73.99156820275812
        f_lower = 15.
        approximant = IMRPhenomD_NRTidalv2
        taper = start
        
