
        [variable_params]

        [static_params]
        tc = 1234567890.0
        mass1 = 1.602324101473903
        mass2 = 1.416203696264237
        lambda1 = 238.78096579713872
        lambda2 = 494.6365365142417
        spin1z = 0.045082495765366604
        spin2z = -0.045552945692662564
        ra = 3.44
        dec = -0.41
        inclination = 1.7733995230857271
        polarization = 0.
        distance = 60.800337423508815
        f_lower = 15.
        approximant = IMRPhenomD_NRTidalv2
        taper = start
        
