
        [variable_params]

        [static_params]
        tc = 1234567890.0
        mass1 = 6.850425657659692
        mass2 = 1.6771663271157655
        lambda1 = 0.0
        lambda2 = 198.21159721472634
        spin1z = 0.34390191503560374
        ra = 3.44
        dec = -0.41
        inclination = 0.9714034680734861
        polarization = 0.
        distance = 133.559562704315
        f_lower = 15.
        approximant = IMRPhenomNSBH
        taper = start
        
