
        [variable_params]

        [static_params]
        tc = 1234567890.0
        mass1 = 4.54068795161642
        mass2 = 1.6190208307941751
        lambda1 = 0.0
        lambda2 = 242.0704449874264
        spin1z = 0.23890837954856936
        ra = 3.44
        dec = -0.41
        inclination = 1.0928098374428865
        polarization = 0.
        distance = 119.41791270894876
        f_lower = 15.
        approximant = IMRPhenomNSBH
        taper = start
        
