
        [variable_params]

        [static_params]
        tc = 1234567890.0
        mass1 = 2.079491783693446
        mass2 = 1.462441313499426
        lambda1 = 40.817836197078165
        lambda2 = 427.2905823574821
        spin1z = -0.011294474228891481
        spin2z = -0.0003836561257434118
        ra = 3.44
        dec = -0.41
        inclination = 2.322243226816636
        polarization = 0.
        distance = 91.738093446958
        f_lower = 15.
        approximant = IMRPhenomD_NRTidalv2
        taper = start
        
