
        [variable_params]

        [static_params]
        tc = 1234567890.0
        mass1 = 1.6811785902964322
        mass2 = 1.6306555668298208
        lambda1 = 181.5280193084202
        lambda2 = 219.7189970874733
        spin1z = 0.013486245973646088
        spin2z = -0.04063198666149657
        ra = 3.44
        dec = -0.41
        inclination = 1.3586108703958337
        polarization = 0.
        distance = 79.1924283630726
        f_lower = 15.
        approximant = IMRPhenomD_NRTidalv2
        taper = start
        
