
        [variable_params]

        [static_params]
        tc = 1234567890.0
        mass1 = 6.220738614156291
        mass2 = 1.934903100720504
        lambda1 = 0.0
        lambda2 = 73.59696905500094
        spin1z = -0.08652864971282626
        ra = 3.44
        dec = -0.41
        inclination = 1.3219080856746515
        polarization = 0.
        distance = 110.29240957365276
        f_lower = 15.
        approximant = IMRPhenomNSBH
        taper = start
        
