
        [variable_params]

        [static_params]
        tc = 1234567890.0
        mass1 = 9.893224503650835
        mass2 = 2.1681803361133865
        lambda1 = 0.0
        lambda2 = 31.327544692556483
        spin1z = -0.09980109369998202
        ra = 3.44
        dec = -0.41
        inclination = 1.6114586088855085
        polarization = 0.
        distance = 143.43933041650016
        f_lower = 15.
        approximant = IMRPhenomNSBH
        taper = start
        
