
        [variable_params]

        [static_params]
        tc = 1234567890.0
        mass1 = 1.583301377090298
        mass2 = 1.3027060808906883
        lambda1 = 259.88815418531505
        lambda2 = 796.8631187071971
        spin1z = -0.04216079275668651
        spin2z = -0.028111546009178468
        ra = 3.44
        dec = -0.41
        inclination = 1.4207405471269767
        polarization = 0.
        distance = 70.25213379687177
        f_lower = 15.
        approximant = IMRPhenomD_NRTidalv2
        taper = start
        
