
        [variable_params]

        [static_params]
        tc = 1234567890.0
        mass1 = 7.981097439297093
        mass2 = 1.2283804834194871
        lambda1 = 0.0
        lambda2 = 1192.872183666713
        spin1z = 0.4699592988353264
        ra = 3.44
        dec = -0.41
        inclination = 2.646606708222772
        polarization = 0.
        distance = 144.59211402589742
        f_lower = 15.
        approximant = IMRPhenomNSBH
        taper = start
        
