
        [variable_params]

        [static_params]
        tc = 1234567890.0
        mass1 = 3.4928135521316364
        mass2 = 1.5015296044359905
        lambda1 = 0.0
        lambda2 = 366.22811376765287
        spin1z = 0.1003804748580196
        ra = 3.44
        dec = -0.41
        inclination = 0.5601604953156123
        polarization = 0.
        distance = 90.64743907482632
        f_lower = 15.
        approximant = IMRPhenomNSBH
        taper = start
        
