
        [variable_params]

        [static_params]
        tc = 1234567890.0
        mass1 = 1.848662019560434
        mass2 = 0.6925983207373596
        lambda1 = 97.44162322393592
        lambda2 = 4204.9165090255065
        spin1z = -0.03330906906231629
        spin2z = 0.01991446807952614
        ra = 3.44
        dec = -0.41
        inclination = 0.8512323081030291
        polarization = 0.
        distance = 81.72426595172797
        f_lower = 15.
        approximant = IMRPhenomD_NRTidalv2
        taper = start
        
