
        [variable_params]

        [static_params]
        tc = 1234567890.0
        mass1 = 9.215433586091219
        mass2 = 1.1920474209941352
        lambda1 = 0.0
        lambda2 = 1365.447472064727
        spin1z = -0.49639687335494875
        ra = 3.44
        dec = -0.41
        inclination = 1.7255242875464396
        polarization = 0.
        distance = 123.7221397657056
        f_lower = 15.
        approximant = IMRPhenomNSBH
        taper = start
        
