
        [variable_params]

        [static_params]
        tc = 1234567890.0
        mass1 = 9.505032377936653
        mass2 = 2.2259545564001235
        lambda1 = 0.0
        lambda2 = 24.622095934198462
        spin1z = -0.07085422518572648
        ra = 3.44
        dec = -0.41
        inclination = 1.4725402903185218
        polarization = 0.
        distance = 144.215876028712
        f_lower = 15.
        approximant = IMRPhenomNSBH
        taper = start
        
