
        [variable_params]

        [static_params]
        tc = 1234567890.0
        mass1 = 7.701962382908485
        mass2 = 1.5320042682349158
        lambda1 = 0.0
        lambda2 = 348.1216646891295
        spin1z = 0.058408712698278964
        ra = 3.44
        dec = -0.41
        inclination = 0.8283453386107674
        polarization = 0.
        distance = 144.53475512017062
        f_lower = 15.
        approximant = IMRPhenomNSBH
        taper = start
        
