
        [variable_params]

        [static_params]
        tc = 1234567890.0
        mass1 = 1.5434781299125973
        mass2 = 1.260170364468657
        lambda1 = 312.8700624097838
        lambda2 = 982.6591822951649
        spin1z = 0.0496091626010582
        spin2z = -0.006775511922775111
        ra = 3.44
        dec = -0.41
        inclination = 0.9440509125806668
        polarization = 0.
        distance = 94.78826278222046
        f_lower = 15.
        approximant = IMRPhenomD_NRTidalv2
        taper = start
        
