
        [variable_params]

        [static_params]
        tc = 1234567890.0
        mass1 = 1.8024156019602962
        mass2 = 1.5236506755565355
        lambda1 = 117.09677562018794
        lambda2 = 335.43729209657795
        spin1z = -0.046114693645912655
        spin2z = 0.03153140894547757
        ra = 3.44
        dec = -0.41
        inclination = 1.8638369944811082
        polarization = 0.
        distance = 89.4319960333353
        f_lower = 15.
        approximant = IMRPhenomD_NRTidalv2
        taper = start
        
