
        [variable_params]

        [static_params]
        tc = 1234567890.0
        mass1 = 7.984901468488201
        mass2 = 1.4194880274261217
        lambda1 = 0.0
        lambda2 = 536.1538270146498
        spin1z = 0.11391636052865994
        ra = 3.44
        dec = -0.41
        inclination = 1.41172846619747
        polarization = 0.
        distance = 138.0780532994942
        f_lower = 15.
        approximant = IMRPhenomNSBH
        taper = start
        
