
        [variable_params]

        [static_params]
        tc = 1234567890.0
        mass1 = 8.486455757470523
        mass2 = 1.1612029508611177
        lambda1 = 0.0
        lambda2 = 1462.2962295346667
        spin1z = 0.4766297962068554
        ra = 3.44
        dec = -0.41
        inclination = 2.9725249424382922
        polarization = 0.
        distance = 62.66922294598612
        f_lower = 15.
        approximant = IMRPhenomNSBH
        taper = start
        
