
        [variable_params]

        [static_params]
        tc = 1234567890.0
        mass1 = 1.7502461691847293
        mass2 = 1.241600754637288
        lambda1 = 131.70736673129522
        lambda2 = 992.7265632340291
        spin1z = 0.04389309698005822
        spin2z = -0.028749413289732906
        ra = 3.44
        dec = -0.41
        inclination = 2.1937185977278615
        polarization = 0.
        distance = 35.46981125677948
        f_lower = 15.
        approximant = IMRPhenomD_NRTidalv2
        taper = start
        
