
        [variable_params]

        [static_params]
        tc = 1234567890.0
        mass1 = 9.196335348634598
        mass2 = 1.3751294450764788
        lambda1 = 0.0
        lambda2 = 618.8011364708051
        spin1z = -0.2901821708942428
        ra = 3.44
        dec = -0.41
        inclination = 0.9003585313122857
        polarization = 0.
        distance = 108.76994006903715
        f_lower = 15.
        approximant = IMRPhenomNSBH
        taper = start
        
