
        [variable_params]

        [static_params]
        tc = 1234567890.0
        mass1 = 1.75494299611157
        mass2 = 1.7097142755091486
        lambda1 = 139.71557818770643
        lambda2 = 165.5846679423678
        spin1z = -0.04508162479011303
        spin2z = 0.04984563346442304
        ra = 3.44
        dec = -0.41
        inclination = 2.441691730888638
        polarization = 0.
        distance = 89.50411428922737
        f_lower = 15.
        approximant = IMRPhenomD_NRTidalv2
        taper = start
        
