
        [variable_params]

        [static_params]
        tc = 1234567890.0
        mass1 = 1.8334924289898307
        mass2 = 1.0198022877150241
        lambda1 = 104.40923676452914
        lambda2 = 2933.799234056062
        spin1z = -0.01467526143919795
        spin2z = 0.0013923650478884012
        ra = 3.44
        dec = -0.41
        inclination = 1.6534942019437673
        polarization = 0.
        distance = 90.11624042682844
        f_lower = 15.
        approximant = IMRPhenomD_NRTidalv2
        taper = start
        
