
        [variable_params]

        [static_params]
        tc = 1234567890.0
        mass1 = 9.846875204523412
        mass2 = 1.386525927276015
        lambda1 = 0.0
        lambda2 = 593.3721552667696
        spin1z = 0.07633852429692245
        ra = 3.44
        dec = -0.41
        inclination = 2.076377823953123
        polarization = 0.
        distance = 112.4461013843104
        f_lower = 15.
        approximant = IMRPhenomNSBH
        taper = start
        
