
        [variable_params]

        [static_params]
        tc = 1234567890.0
        mass1 = 1.7881649499807857
        mass2 = 1.5947158181004177
        lambda1 = 124.75136924674004
        lambda2 = 257.5871872846821
        spin1z = 0.010490764219084923
        spin2z = 0.028342375019887497
        ra = 3.44
        dec = -0.41
        inclination = 1.2797520265531612
        polarization = 0.
        distance = 96.69734713608578
        f_lower = 15.
        approximant = IMRPhenomD_NRTidalv2
        taper = start
        
