
        [variable_params]

        [static_params]
        tc = 1234567890.0
        mass1 = 8.157193311742464
        mass2 = 1.7701958334850856
        lambda1 = 0.0
        lambda2 = 140.76071456591907
        spin1z = 0.14097035292736337
        ra = 3.44
        dec = -0.41
        inclination = 1.5348042141484266
        polarization = 0.
        distance = 135.42233415998382
        f_lower = 15.
        approximant = IMRPhenomNSBH
        taper = start
        
