
        [variable_params]

        [static_params]
        tc = 1234567890.0
        mass1 = 1.9061453722641988
        mass2 = 1.584830372665742
        lambda1 = 79.60245914176524
        lambda2 = 265.7019023812053
        spin1z = 0.026199065857296158
        spin2z = 0.0297743360765078
        ra = 3.44
        dec = -0.41
        inclination = 1.299821179179825
        polarization = 0.
        distance = 91.075327830463
        f_lower = 15.
        approximant = IMRPhenomD_NRTidalv2
        taper = start
        
