
        [variable_params]

        [static_params]
        tc = 1234567890.0
        mass1 = 1.7104767442803643
        mass2 = 1.6557983629597295
        lambda1 = 158.0785406906371
        lambda2 = 194.34115625197964
        spin1z = 0.008581642228690234
        spin2z = -0.004062750725453555
        ra = 3.44
        dec = -0.41
        inclination = 0.8676030113780752
        polarization = 0.
        distance = 58.84627913349551
        f_lower = 15.
        approximant = IMRPhenomD_NRTidalv2
        taper = start
        
