
        [variable_params]

        [static_params]
        tc = 1234567890.0
        mass1 = 9.987646791084698
        mass2 = 1.450740575507886
        lambda1 = 0.0
        lambda2 = 447.1341159850326
        spin1z = 0.1312718893375252
        ra = 3.44
        dec = -0.41
        inclination = 1.9519615815247804
        polarization = 0.
        distance = 90.9608395195195
        f_lower = 15.
        approximant = IMRPhenomNSBH
        taper = start
        
