
        [variable_params]

        [static_params]
        tc = 1234567890.0
        mass1 = 1.3889573484066906
        mass2 = 1.319040212966407
        lambda1 = 536.5392479953216
        lambda2 = 715.2895919283075
        spin1z = -0.02942879410529722
        spin2z = -0.018564021640302908
        ra = 3.44
        dec = -0.41
        inclination = 2.040890670866516
        polarization = 0.
        distance = 37.66508674295339
        f_lower = 15.
        approximant = IMRPhenomD_NRTidalv2
        taper = start
        
