
        [variable_params]

        [static_params]
        tc = 1234567890.0
        mass1 = 5.450841086463546
        mass2 = 0.9685802368954416
        lambda1 = 0.0
        lambda2 = 3889.6571749067
        spin1z = -0.1559516025895139
        ra = 3.44
        dec = -0.41
        inclination = 1.0512671984363573
        polarization = 0.
        distance = 113.00025389288277
        f_lower = 15.
        approximant = IMRPhenomNSBH
        taper = start
        
