
        [variable_params]

        [static_params]
        tc = 1234567890.0
        mass1 = 1.545749104873916
        mass2 = 1.4788372238363814
        lambda1 = 298.5209058955483
        lambda2 = 387.52537627847585
        spin1z = -0.023285084660031687
        spin2z = 0.0316779615410379
        ra = 3.44
        dec = -0.41
        inclination = 1.9993814070094926
        polarization = 0.
        distance = 65.18558037686617
        f_lower = 15.
        approximant = IMRPhenomD_NRTidalv2
        taper = start
        
