
        [variable_params]

        [static_params]
        tc = 1234567890.0
        mass1 = 1.8238246831364706
        mass2 = 1.1877758760297725
        lambda1 = 105.25030813164292
        lambda2 = 1311.1240931910418
        spin1z = 0.037289359098316946
        spin2z = -0.007950818033364657
        ra = 3.44
        dec = -0.41
        inclination = 1.756508990988336
        polarization = 0.
        distance = 70.98220156685302
        f_lower = 15.
        approximant = IMRPhenomD_NRTidalv2
        taper = start
        
