
        [variable_params]

        [static_params]
        tc = 1234567890.0
        mass1 = 1.6853402532158201
        mass2 = 1.0863102694582645
        lambda1 = 178.86087677159225
        lambda2 = 2105.587501847456
        spin1z = 0.02223501450028434
        spin2z = 0.0070583705772697125
        ra = 3.44
        dec = -0.41
        inclination = 0.8311210638628205
        polarization = 0.
        distance = 79.94849042123404
        f_lower = 15.
        approximant = IMRPhenomD_NRTidalv2
        taper = start
        
