
        [variable_params]

        [static_params]
        tc = 1234567890.0
        mass1 = 1.377103721776821
        mass2 = 1.1728760169185062
        lambda1 = 597.0664138206753
        lambda2 = 1424.730687114493
        spin1z = -0.036167905188648736
        spin2z = 0.018987321800773546
        ra = 3.44
        dec = -0.41
        inclination = 1.0618506015355114
        polarization = 0.
        distance = 85.74273952719815
        f_lower = 15.
        approximant = IMRPhenomD_NRTidalv2
        taper = start
        
