
        [variable_params]

        [static_params]
        tc = 1234567890.0
        mass1 = 1.5805406791420447
        mass2 = 1.539668839799361
        lambda1 = 250.0796660693987
        lambda2 = 292.97439456893096
        spin1z = -0.041158281683005685
        spin2z = 0.01961555193502773
        ra = 3.44
        dec = -0.41
        inclination = 1.6985293510689137
        polarization = 0.
        distance = 32.95188258191227
        f_lower = 15.
        approximant = IMRPhenomD_NRTidalv2
        taper = start
        
