
        [variable_params]

        [static_params]
        tc = 1234567890.0
        mass1 = 6.103237375071991
        mass2 = 1.383858824978658
        lambda1 = 0.0
        lambda2 = 622.5464747357084
        spin1z = -0.01837353352893545
        ra = 3.44
        dec = -0.41
        inclination = 1.6466421396733415
        polarization = 0.
        distance = 143.89524991723297
        f_lower = 15.
        approximant = IMRPhenomNSBH
        taper = start
        
