
        [variable_params]

        [static_params]
        tc = 1234567890.0
        mass1 = 1.175774822058283
        mass2 = 0.7689553525170704
        lambda1 = 1362.3233371184645
        lambda2 = 4204.9165090255065
        spin1z = 0.036284579049411694
        spin2z = -0.012783689265383667
        ra = 3.44
        dec = -0.41
        inclination = 1.2275379610839239
        polarization = 0.
        distance = 57.726708533094346
        f_lower = 15.
        approximant = IMRPhenomD_NRTidalv2
        taper = start
        
