
        [variable_params]

        [static_params]
        tc = 1234567890.0
        mass1 = 7.828139913531147
        mass2 = 1.7238717231923233
        lambda1 = 0.0
        lambda2 = 155.2260187375347
        spin1z = -0.13930979825830536
        ra = 3.44
        dec = -0.41
        inclination = 1.5231794414242752
        polarization = 0.
        distance = 81.3000356871235
        f_lower = 15.
        approximant = IMRPhenomNSBH
        taper = start
        
