
        [variable_params]

        [static_params]
        tc = 1234567890.0
        mass1 = 1.5791225932620294
        mass2 = 1.5681284036951486
        lambda1 = 273.5988969320849
        lambda2 = 285.41275927046917
        spin1z = 0.00982770538239991
        spin2z = -0.025172142653464735
        ra = 3.44
        dec = -0.41
        inclination = 2.600298483753749
        polarization = 0.
        distance = 97.07523899919829
        f_lower = 15.
        approximant = IMRPhenomD_NRTidalv2
        taper = start
        
