
        [variable_params]

        [static_params]
        tc = 1234567890.0
        mass1 = 1.6822487868147797
        mass2 = 1.1239566293511434
        lambda1 = 180.2796623055271
        lambda2 = 1761.9566589178748
        spin1z = 0.029116838461332076
        spin2z = -0.016126417501706306
        ra = 3.44
        dec = -0.41
        inclination = 2.124014428710648
        polarization = 0.
        distance = 77.23340239752649
        f_lower = 15.
        approximant = IMRPhenomD_NRTidalv2
        taper = start
        
