
        [variable_params]

        [static_params]
        tc = 1234567890.0
        mass1 = 1.6691015385977115
        mass2 = 1.3970415183537264
        lambda1 = 194.70613187966342
        lambda2 = 558.1335542497965
        spin1z = 0.0359877309016607
        spin2z = 0.011977277198782922
        ra = 3.44
        dec = -0.41
        inclination = 1.5621198788437751
        polarization = 0.
        distance = 97.22802851122687
        f_lower = 15.
        approximant = IMRPhenomD_NRTidalv2
        taper = start
        
