
        [variable_params]

        [static_params]
        tc = 1234567890.0
        mass1 = 1.5513698931479416
        mass2 = 1.1133795003985405
        lambda1 = 304.51571463587084
        lambda2 = 1893.3225818887959
        spin1z = -0.029682884945048428
        spin2z = -0.018124331437640064
        ra = 3.44
        dec = -0.41
        inclination = 0.6537004101041093
        polarization = 0.
        distance = 97.52567946635517
        f_lower = 15.
        approximant = IMRPhenomD_NRTidalv2
        taper = start
        
