
        [variable_params]

        [static_params]
        tc = 1234567890.0
        mass1 = 1.6158685450934758
        mass2 = 1.3190948707085683
        lambda1 = 231.12274238331557
        lambda2 = 748.5254210635428
        spin1z = -0.01777466113858755
        spin2z = 0.03410052653805344
        ra = 3.44
        dec = -0.41
        inclination = 1.6550610226150515
        polarization = 0.
        distance = 74.9609629963451
        f_lower = 15.
        approximant = IMRPhenomD_NRTidalv2
        taper = start
        
